2,20,600,3,30
n,xc,yc,di,qi,ei,li
0,0.000,0.000,0,0,0,600
1,-4.374,-7.608,3,1,0,1440
2,-1.990,-1.658,3,1,0,1440
3,-6.500,8.666,3,1,0,1440
4,6.012,-5.756,3,1,0,1440
5,-4.603,-7.847,3,1,0,1440
6,2.007,-7.783,3,1,0,1440
7,-0.999,2.075,3,1,0,1440
8,-2.205,-3.339,3,1,0,1440
9,-9.086,9.056,3,1,0,1440
10,-2.683,4.361,3,1,0,1440
11,-5.038,6.284,3,1,522,537
12,-0.701,8.115,3,1,223,238
13,9.605,-6.918,3,1,321,336
14,9.507,1.315,3,1,421,436
15,-4.878,5.251,3,1,179,194
16,4.270,-7.745,3,1,82,97
17,-7.962,-9.986,3,1,19,34
18,9.377,9.831,3,1,516,531
19,-1.880,9.656,3,1,236,251
20,1.567,-1.749,3,1,455,470
21,0.585,-8.368,3,-1,469,484
22,0.236,4.403,3,-1,429,444
23,-4.751,9.380,3,-1,268,283
24,5.342,-5.808,3,-1,331,346
25,6.500,-7.595,3,-1,396,411
26,8.752,-0.833,3,-1,85,100
27,4.793,1.394,3,-1,488,503
28,9.404,6.138,3,-1,417,432
29,9.638,9.580,3,-1,558,573
30,5.592,1.561,3,-1,579,594
31,6.958,-2.884,3,-1,0,1440
32,9.122,1.517,3,-1,0,1440
33,-9.482,1.679,3,-1,0,1440
34,9.475,-3.831,3,-1,0,1440
35,-2.917,-5.821,3,-1,0,1440
36,1.496,-1.370,3,-1,0,1440
37,3.593,8.322,3,-1,0,1440
38,-2.379,7.492,3,-1,0,1440
39,7.097,1.203,3,-1,0,1440
40,0.710,-7.118,3,-1,0,1440
41,0.000,0.000,0,0,0,600
42,1.0842,-1.038,1
43,-1.9145,-2.8991,0
44,-4.5205,5.6385,0
45,-1.3568,1.6923,0
46,1.1214,-2.034,0
47,-2.7283,-3.4219,0
48,-0.8042,1.5878,0
49,-8.9606,1.5867,1
50,-2.22,6.9913,1
51,-3.9867,-7.2516,0
52,-2.3954,-5.7877,1
53,-5.2471,5.7979,0
54,-4.2845,-7.0925,0
55,-2.1788,-1.1661,0
56,7.0568,0.6814,1
57,-1.5035,-1.4515,0
58,6.6208,-3.29,1
59,-1.2017,2.5589,0
60,-8.5655,8.9775,0
61,-2.5582,3.8481,0
62,-5.016,6.8097,0
63,-2.1937,7.9815,1
64,-5.991,8.521,0
65,-4.7015,4.7546,0
66,4.6169,-7.3489,0
67,5.533,-5.3242,1
68,-2.5101,-1.6666,0
69,-3.9086,-7.8403,0
70,0.3693,-7.5219,1
71,2.5201,-7.6853,0