3,24,480,3,30
n,xc,yc,di,qi,ei,li
0,0.000,0.000,0,0,0,480
1,6.165,0.783,3,1,0,1440
2,-5.971,9.898,3,1,0,1440
3,-8.232,2.958,3,1,0,1440
4,-1.480,7.290,3,1,0,1440
5,0.232,-1.894,3,1,0,1440
6,-4.158,-5.684,3,1,0,1440
7,3.400,6.234,3,1,0,1440
8,-3.018,-1.182,3,1,0,1440
9,3.138,-1.876,3,1,0,1440
10,-4.803,6.829,3,1,0,1440
11,1.602,1.410,3,1,0,1440
12,-4.452,1.881,3,1,0,1440
13,1.167,8.532,3,1,156,171
14,0.311,5.662,3,1,26,41
15,-5.792,-0.089,3,1,385,400
16,-3.974,2.980,3,1,0,15
17,8.858,2.735,3,1,297,312
18,7.172,9.713,3,1,119,134
19,3.671,-1.054,3,1,160,175
20,6.395,-7.997,3,1,34,49
21,-6.734,3.910,3,1,180,195
22,2.273,-3.875,3,1,43,58
23,-3.859,6.513,3,1,301,316
24,0.677,0.195,3,1,107,122
25,6.947,-2.795,3,-1,270,285
26,7.039,-9.667,3,-1,135,150
27,9.579,-2.533,3,-1,403,418
28,-9.286,1.261,3,-1,355,370
29,-4.468,1.718,3,-1,341,356
30,-2.556,-1.591,3,-1,450,465
31,-5.426,-5.816,3,-1,292,307
32,-1.787,-3.120,3,-1,224,239
33,-1.352,-3.904,3,-1,383,398
34,4.617,-7.513,3,-1,168,183
35,2.719,9.707,3,-1,138,153
36,-4.451,-0.135,3,-1,338,353
37,-6.735,-2.599,3,-1,0,1440
38,4.383,9.129,3,-1,0,1440
39,2.267,2.332,3,-1,0,1440
40,7.529,-7.145,3,-1,0,1440
41,4.456,0.268,3,-1,0,1440
42,5.816,-0.948,3,-1,0,1440
43,-9.781,2.203,3,-1,0,1440
44,-7.486,2.057,3,-1,0,1440
45,6.265,3.176,3,-1,0,1440
46,9.202,-4.747,3,-1,0,1440
47,-5.889,8.876,3,-1,0,1440
48,6.048,0.390,3,-1,0,1440
49,0.000,0.000,0,0,0,480
50,5.6379,0.716,1
51,-1.375,6.7728,0
52,3.1505,5.7765,0
53,-2.5315,-0.9914,0
54,0.801,0.705,0
55,0.8006,5.8533,0
56,1.0962,8.0144,0
57,4.3415,-7.0647,1
58,1.1335,1.166,0
59,-4.875,7.3476,0
60,5.5261,0.3828,1
61,2.58,2.7592,1
62,2.0515,1.6743,0
63,8.4315,2.4259,0
64,5.6006,0.1076,1
65,6.4501,-2.6257,1
66,6.9084,-8.1054,0
67,4.9784,0.2006,1
68,0.7592,-1.8703,0
69,3.9368,-0.6063,0
70,-5.5173,9.6345,0
71,-5.6109,9.3208,1
72,-6.403,8.7724,1
73,-5.8206,9.3919,2
74,-5.0897,7.2646,0
75,-6.3403,9.1521,1
76,-6.0741,9.3644,1
77,-7.7153,2.8799,0
78,-7.181,3.6323,0
79,-6.7286,3.3814,0
80,-4.8139,0.2439,1
81,-4.2233,1.2537,1
82,-7.8312,2.4575,1
83,2.0706,2.8236,1
84,-4.9942,1.7308,1
85,3.3732,-0.6198,0