3,30,600,3,30
n,xc,yc,di,qi,ei,li
0,0.000,0.000,0,0,0,600
1,-1.475,-5.814,3,1,0,1440
2,-4.263,-7.220,3,1,0,1440
3,-5.758,9.449,3,1,0,1440
4,-8.862,6.600,3,1,0,1440
5,9.114,-9.247,3,1,0,1440
6,-1.037,9.249,3,1,0,1440
7,-7.720,-2.014,3,1,0,1440
8,1.854,-7.324,3,1,0,1440
9,7.348,-4.065,3,1,0,1440
10,-2.707,-8.333,3,1,0,1440
11,-2.261,-1.701,3,1,0,1440
12,-7.074,-2.761,3,1,0,1440
13,3.843,-1.762,3,1,0,1440
14,4.077,-6.875,3,1,0,1440
15,-2.136,-2.809,3,1,0,1440
16,6.072,-1.166,3,1,134,149
17,-2.755,-2.007,3,1,377,392
18,9.359,1.424,3,1,17,32
19,-9.992,-4.899,3,1,61,76
20,6.022,5.952,3,1,515,530
21,-5.733,3.177,3,1,21,36
22,-5.925,-8.097,3,1,142,157
23,-3.111,0.747,3,1,423,438
24,-5.284,4.167,3,1,22,37
25,4.812,-8.719,3,1,118,133
26,-6.449,-3.282,3,1,407,422
27,-4.206,-7.907,3,1,411,426
28,-7.096,-7.241,3,1,430,445
29,-1.972,6.108,3,1,177,192
30,1.806,-9.181,3,1,530,545
31,-8.618,-3.815,3,-1,149,164
32,6.837,2.537,3,-1,441,456
33,-8.805,0.005,3,-1,81,96
34,2.787,-9.525,3,-1,208,223
35,-0.113,-1.640,3,-1,439,454
36,5.873,1.129,3,-1,223,238
37,9.654,-3.534,3,-1,202,217
38,2.203,4.633,3,-1,172,187
39,8.876,6.797,3,-1,284,299
40,7.936,-6.107,3,-1,542,557
41,-6.993,-1.508,3,-1,351,366
42,7.455,-7.825,3,-1,276,291
43,-5.545,-8.172,3,-1,339,354
44,3.682,6.753,3,-1,269,284
45,4.101,3.800,3,-1,339,354
46,-8.907,7.739,3,-1,0,1440
47,-4.522,5.544,3,-1,0,1440
48,8.470,-3.401,3,-1,0,1440
49,-9.559,-1.754,3,-1,0,1440
50,-7.677,9.147,3,-1,0,1440
51,-2.989,1.458,3,-1,0,1440
52,-2.470,2.909,3,-1,0,1440
53,-9.846,4.882,3,-1,0,1440
54,4.241,6.141,3,-1,0,1440
55,6.149,9.913,3,-1,0,1440
56,5.935,9.503,3,-1,0,1440
57,-6.230,8.970,3,-1,0,1440
58,-6.955,-5.193,3,-1,0,1440
59,1.696,8.775,3,-1,0,1440
60,-6.508,-4.027,3,-1,0,1440
61,0.000,0.000,0,0,0,600
62,-0.9787,8.7294,0
63,-6.5054,-1.6971,1
64,3.8082,-6.4217,0
65,-3.3419,1.852,1
66,-2.3108,-1.176,0
67,-1.7474,-1.7831,0
68,-2.2457,-2.2916,0
69,-7.3081,-3.2351,0
70,9.1609,-3.3535,1
71,4.438,3.3985,1
72,-4.6723,-6.8858,0
73,4.3698,-1.7546,0
74,-2.1188,2.5246,1
75,3.7311,6.0151,1
76,-0.5052,-1.9913,1
77,-3.4445,1.2047,1
78,-0.9939,-6.0322,0
79,-2.4748,-7.8582,0
80,-1.6431,-5.3139,0
81,-3.0854,-2.4136,0
82,-2.6565,-2.7181,0
83,1.3658,-7.1266,0
84,-1.893,-6.1344,0
85,-6.247,-4.4785,1
86,6.8212,-4.1144,0
87,-4.6749,-7.6679,0
88,0.033,-2.1392,1
89,-1.9949,-3.317,0
90,-6.4295,-5.2526,1
91,-3.833,-7.5276,0
92,-1.9789,-5.6821,0
93,3.5557,-6.8966,0
94,-6.5751,-7.2371,0
95,4.3568,-6.4336,0
96,-6.5347,-4.8754,1
97,-4.3708,-6.7031,0
98,-0.6176,-1.4926,1
99,-5.5872,3.6795,0
100,-4.0004,5.5761,1
101,-4.1516,5.9092,1
102,-5.6021,8.9519,0
103,-5.849,8.6043,1
104,2.4186,5.1084,1
105,-5.8084,4.1527,0
106,-1.9455,2.8959,1