4,40,600,3,30
n,xc,yc,di,qi,ei,li
0,0.000,0.000,0,0,0,600
1,6.633,-4.066,3,1,0,1440
2,5.584,-4.842,3,1,0,1440
3,5.417,-9.992,3,1,0,1440
4,-8.757,8.210,3,1,0,1440
5,2.528,3.597,3,1,0,1440
6,-4.075,-3.569,3,1,0,1440
7,-1.738,-3.763,3,1,0,1440
8,0.486,-5.497,3,1,0,1440
9,8.045,0.336,3,1,0,1440
10,0.951,6.439,3,1,0,1440
11,9.524,9.265,3,1,0,1440
12,-5.062,-8.187,3,1,0,1440
13,9.145,3.664,3,1,0,1440
14,-2.112,-6.392,3,1,0,1440
15,4.428,-7.427,3,1,0,1440
16,2.843,-2.216,3,1,0,1440
17,2.147,-3.434,3,1,0,1440
18,8.216,-9.026,3,1,0,1440
19,9.012,-2.649,3,1,0,1440
20,-8.821,-9.577,3,1,0,1440
21,1.935,-6.608,3,1,107,122
22,1.880,9.693,3,1,449,464
23,-5.430,-4.560,3,1,87,102
24,-2.633,9.574,3,1,253,268
25,-2.707,-1.447,3,1,0,15
26,3.108,-9.407,3,1,16,31
27,3.549,9.825,3,1,539,554
28,-6.197,-2.674,3,1,229,244
29,-6.040,-9.703,3,1,518,533
30,-6.480,-1.447,3,1,137,152
31,7.932,2.462,3,1,135,150
32,2.492,-9.145,3,1,354,369
33,-8.535,8.592,3,1,96,111
34,8.567,2.394,3,1,231,246
35,-9.120,6.654,3,1,519,534
36,5.856,6.021,3,1,210,225
37,-8.870,8.178,3,1,238,253
38,-6.790,-1.581,3,1,517,532
39,-8.456,-4.197,3,1,184,199
40,-0.623,1.913,3,1,124,139
41,-1.095,8.599,3,-1,159,174
42,0.279,-8.960,3,-1,410,425
43,9.516,9.208,3,-1,61,76
44,-3.830,-4.934,3,-1,128,143
45,4.903,-0.040,3,-1,198,213
46,0.163,8.992,3,-1,512,527
47,5.625,4.196,3,-1,429,444
48,-0.220,5.644,3,-1,337,352
49,1.061,8.053,3,-1,322,337
50,9.296,-0.838,3,-1,162,177
51,-8.311,3.121,3,-1,359,374
52,9.046,1.369,3,-1,532,547
53,9.631,-4.618,3,-1,418,433
54,5.868,2.391,3,-1,355,370
55,0.436,-5.236,3,-1,274,289
56,5.715,-0.718,3,-1,176,191
57,-1.194,1.412,3,-1,97,112
58,6.350,-9.972,3,-1,253,268
59,9.173,2.676,3,-1,167,182
60,-9.436,-5.213,3,-1,394,409
61,9.215,4.508,3,-1,0,1440
62,-2.649,9.665,3,-1,0,1440
63,1.811,1.136,3,-1,0,1440
64,-0.649,-1.659,3,-1,0,1440
65,-2.647,4.645,3,-1,0,1440
66,5.823,3.531,3,-1,0,1440
67,-4.533,6.940,3,-1,0,1440
68,-1.179,-6.504,3,-1,0,1440
69,-1.934,-0.600,3,-1,0,1440
70,6.768,-6.906,3,-1,0,1440
71,0.387,-3.515,3,-1,0,1440
72,9.593,3.085,3,-1,0,1440
73,-3.366,-8.710,3,-1,0,1440
74,-4.907,-4.107,3,-1,0,1440
75,-0.147,-8.823,3,-1,0,1440
76,-5.303,-5.592,3,-1,0,1440
77,-7.660,3.593,3,-1,0,1440
78,-3.916,-5.935,3,-1,0,1440
79,-4.470,-9.865,3,-1,0,1440
80,8.702,-8.229,3,-1,0,1440
81,0.000,0.000,0,0,0,600
82,5.1647,-9.5266,0
83,7.5194,0.314,0
84,0.8748,5.9229,0
85,1.2965,1.2613,1
86,1.6193,0.6488,1
87,2.3378,-3.9211,0
88,1.7809,9.1823,0
89,1.5769,8.1303,1
90,1.3201,6.8062,0
91,-3.2322,-1.3947,0
92,-3.4967,-5.6173,1
93,-1.4811,-0.3307,1
94,1.9425,-7.1286,0
95,-0.944,0.9503,1
96,-1.2172,0.8881,1
97,1.5402,1.5836,1
98,-5.9608,-1.3879,0
99,-0.459,1.4095,0
100,-0.688,5.4026,1
101,0.0958,-3.075,1
102,-0.9675,-1.2464,1
103,5.2073,3.8844,1
104,5.2034,-0.4691,1
105,-2.2325,-1.2334,0
106,-3.1475,-1.7389,0
107,2.0246,0.6511,1
108,-0.0883,-5.2981,1
109,-3.3174,-5.0278,1
110,-0.7578,-1.1485,1
111,-1.1642,-1.7644,1
112,2.3146,-2.1888,0
113,6.2086,-4.3799,0
114,6.3843,-3.6018,0
115,1.821,-3.8427,0
116,5.3815,-4.3573,0
117,7.8835,-0.1674,0
118,4.3942,0.0731,1
119,8.5621,1.8704,0
120,6.1058,-4.8696,0
121,8.563,-2.9164,0
122,5.0654,-4.9142,0
123,-3.8898,-8.7466,1
124,1.7518,-3.0911,0
125,4.314,-6.9103,0
126,2.2181,3.1693,0
127,8.1545,2.9392,0
128,5.3614,-1.1067,1
129,6.2355,-0.8077,1
130,6.2003,-0.5198,1
131,4.5891,0.3796,1
132,3.0245,3.7824,0
133,6.9668,-3.6613,0
134,8.4236,-0.033,0
135,0.953,-5.1384,1
136,8.7636,3.0089,1
137,6.1383,-3.9025,0
138,5.7436,-4.3436,0
139,5.1621,-4.525,0
140,6.743,-6.3807,1
141,1.427,-6.4839,0